paths=[
[0, 0, 0, 1, 0, 0, 0],
[0, 1, 0, 0, 0, 1, 1],
[1, 0, 1, 0, 1, 1, 1],
[0, 0, 1, 1, 0, 0, 0],
[1, 1, 0, 1, 1, 0, 0],
[0, 1, 1, 0, 0, 1, 1],
[1, 0, 0, 0, 1, 1, 1],
[0, 0, 0, 0, 0, 1, 0],
[1, 0, 1, 1, 1, 0, 1],
[0, 1, 0, 1, 0, 0, 1],
[0, 1, 0, 1, 0, 0, 0],
[1, 0, 1, 1, 1, 0, 0],
[0, 0, 0, 0, 0, 1, 1],
[0, 0, 1, 1, 1, 0, 0],
[1, 1, 0, 1, 0, 0, 0],
[1, 0, 0, 0, 0, 1, 1],
[0, 1, 1, 0, 1, 1, 1],
[0, 0, 1, 0, 0, 0, 0],
[1, 0, 0, 1, 1, 1, 1],
[1, 1, 0, 0, 1, 0, 0],
[0, 0, 0, 1, 0, 1, 0],
[1, 0, 1, 0, 1, 0, 1],
[0, 1, 0, 0, 0, 0, 1],
[0, 1, 0, 0, 0, 0, 0],
[0, 0, 0, 1, 0, 1, 1],
[1, 0, 1, 0, 1, 0, 0],
[1, 0, 0, 1, 0, 1, 1],
[0, 0, 1, 0, 1, 0, 0],
[1, 1, 0, 0, 0, 0, 0],
[0, 0, 1, 1, 0, 1, 0],
[0, 1, 1, 0, 0, 0, 1],
[1, 0, 0, 0, 1, 0, 1],
[1, 1, 0, 1, 1, 1, 0],
[0, 1, 1, 0, 0, 0, 0],
[0, 0, 1, 1, 0, 1, 1],
[1, 0, 0, 0, 1, 0, 0],
[0, 0, 0, 0, 1, 0, 0],
[1, 0, 1, 1, 0, 1, 1],
[1, 1, 1, 0, 0, 0, 0],
[0, 0, 0, 0, 0, 0, 1],
[0, 1, 0, 1, 0, 1, 0],
[1, 0, 1, 1, 1, 1, 0],
[0, 0, 1, 1, 1, 1, 0],
[1, 1, 0, 1, 0, 1, 0],
[1, 0, 0, 0, 0, 0, 1],
[0, 1, 1, 0, 1, 0, 1],
[1, 0, 0, 0, 0, 0, 0],
[0, 1, 1, 0, 1, 0, 0],
[0, 0, 1, 1, 1, 1, 1]]

nE=7;
nP=3;
rho_pe=[
[0, 1, 0, 1, 0, 0, 0]
[1, 0, 1, 1, 1, 0, 0]
[0, 0, 0, 0, 0, 1, 1]
];

rho_re=[
[0, 1, 1, 0, 1, 1, 1]
[0, 0, 1, 1, 0, 0, 0]
[1, 0, 0, 0, 0, 0, 1]
[0, 1, 0, 0, 0, 0, 1]
[1, 0, 0, 0, 0, 0, 0]
[1, 0, 0, 0, 1, 0, 0]
];
