paths=[
[1, 0, 0, 0, 0, 0],
[0, 1, 1, 0, 1, 0],
[0, 1, 1, 1, 0, 1],
[1, 0, 0, 1, 0, 0],
[1, 0, 0, 0, 1, 1],
[0, 1, 1, 0, 0, 1],
[0, 1, 1, 1, 1, 0],
[0, 1, 0, 0, 0, 0],
[1, 0, 1, 1, 0, 1],
[1, 0, 1, 0, 1, 0],
[1, 0, 0, 0, 1, 0],
[1, 0, 0, 1, 0, 1],
[0, 1, 1, 0, 0, 0],
[0, 0, 0, 1, 0, 0],
[1, 1, 1, 0, 0, 1],
[0, 0, 0, 0, 1, 1],
[1, 1, 0, 0, 0, 0],
[0, 0, 1, 1, 0, 1],
[0, 0, 1, 0, 1, 0],
[0, 0, 0, 0, 1, 0],
[1, 1, 1, 0, 0, 0],
[0, 0, 0, 1, 0, 1],
[1, 1, 0, 1, 0, 0],
[0, 0, 1, 1, 1, 0],
[0, 0, 1, 0, 0, 1],
[1, 1, 0, 0, 1, 1],
[0, 0, 0, 0, 0, 1],
[0, 0, 0, 1, 1, 0],
[1, 1, 1, 1, 0, 0],
[0, 0, 1, 0, 0, 0],
[1, 1, 0, 0, 1, 0],
[1, 1, 0, 1, 0, 1]]

nE=6;
nP=3;
rho_pe=[
[1, 0, 0, 0, 1, 0]
[1, 0, 0, 1, 0, 1]
[0, 1, 1, 0, 0, 0]
];

rho_re=[
[0, 0, 1, 0, 0, 0]
[1, 0, 0, 0, 1, 0]
[0, 0, 0, 0, 1, 1]
[0, 1, 0, 0, 0, 0]
[1, 0, 0, 1, 0, 0]
];
